[
[0, {'pos': [1550, -350], 'angle': 30}],
[6, 'alliance_wall_stake'],
[2, [], (('fwd_volt', 5.0), ('backwards', True), ('speed_ramp_time', 500), ('slowdown_distance', 300)), [(1551.0, -351.0), (1520.7, -390.8), (1489.3, -429.6), (1457.0, -467.9), (1424.3, -505.7), (1391.3, -543.2), (1358.2, -580.7), (1325.2, -618.2), (1292.5, -656.1), (1260.5, -694.5)]],
[1, 'ladyBrown', -1, 12.0],
[7, ['LEFT', 40, 0.0]],
[1, 'ladyBrown', 0, 'BRAKE'],
[1, 'intakeChain', 1, 12.0],
[1, 'intakeFlex', 1, 12.0],
[5, True, 'intake'],
[2, [], (('fwd_volt', 5.0), ('finish_margin', 500)), [(1240.0, -732.0), (1239.9, -662.0), (1241.2, -592.0), (1242.7, -522.0), (1244.3, -452.1), (1245.8, -382.1), (1247.2, -312.1), (1248.3, -242.1), (1249.0, -172.1), (1249.1, -102.1), (1249.0, -80.0), (1247.7, -10.0), (1247.6, 60.0), (1247.9, 130.0), (1248.1, 200.0), (1247.4, 270.0)]],
[3, (('intake_auto_halt', True),)],
[4, 125],
[5, False, 'intake'],
[4, 75],
[1, 'intakeFlex', 1, 12.0],
[2, [], (('fwd_volt', 5.0), ('min_start_voltage', 2.0), ('speed_ramp_time', 500), ('backwards', True), ('slowdown_distance', 400)), [(1228.0, 214.0), (1224.6, 164.1), (1216.8, 114.8), (1205.2, 66.1), (1190.3, 18.4), (1172.6, -28.4), (1152.5, -74.1), (1130.0, -118.8), (1105.5, -162.4), (1079.2, -204.8), (1051.2, -246.2), (1021.6, -286.6), (990.5, -325.8), (958.2, -363.9), (924.6, -400.9), (889.9, -436.9), (854.1, -471.8), (817.3, -505.6), (779.5, -538.4), (740.9, -570.2), (701.6, -601.0), (661.4, -630.8), (620.5, -659.6), (579.0, -687.5)]],
[5, True, 'mogo'],
[3, (('intake_auto_halt', False),)],
[1, 'intakeChain', 1, 12.0],
[1, 'intakeFlex', 1, 12.0],
[7, ['RIGHT', 105, 0.0]],
[4, 350],
[5, False, 'mogo'],
[2, [], (('fwd_volt', 5.0),), [(633.0, -689.0), (632.6, -739.0), (632.5, -789.0), (632.8, -839.0), (633.6, -889.0), (635.1, -939.0), (637.7, -988.9), (641.6, -1038.7), (646.5, -1088.5), (651.2, -1138.3), (654.8, -1188.2), (657.5, -1238.1), (659.5, -1288.0), (660.8, -1338.0), (661.8, -1388.0), (662.4, -1438.0), (662.8, -1488.0), (663.0, -1538.0)]],
[3, (('intake_auto_halt', True),)],
[4, 100],
[1, 'intakeFlex', -1, 12.0],
[2, [], (('fwd_volt', 3.7), ('backwards', True), ('slowdown_distance', 900), ('look_ahead_dist', 250), ('finish_margin', 270)), [(630.0, -1601.0), (637.6, -1551.6), (642.9, -1501.9), (645.0, -1451.9), (642.5, -1402.0), (632.9, -1353.0), (612.9, -1307.3), (579.8, -1270.3), (536.1, -1246.4), (487.6, -1234.3), (437.8, -1230.3), (387.8, -1231.4), (338.0, -1235.7), (288.5, -1242.1), (239.1, -1250.0), (189.9, -1258.9), (140.8, -1268.4), (91.8, -1278.3), (42.8, -1288.5)]],
[5, True, 'mogo'],
[1, 'intakeFlex', 1, 12.0],
[2, [('motor_spin', {'motor': 'intakeChain', 'velocity': 100, 'direction': 1}, [697, -1254])], (('fwd_volt', 5.0), ('timeout', 2300)), [(-6.0, -1269.0), (44.0, -1270.8), (93.9, -1272.2), (143.9, -1273.4), (193.9, -1274.6), (243.9, -1276.1), (293.9, -1277.8), (343.8, -1279.9), (393.8, -1282.3), (443.7, -1285.1), (493.6, -1288.4), (543.4, -1292.1), (593.3, -1296.3), (643.0, -1301.0), (692.8, -1306.3), (742.4, -1312.2), (792.0, -1318.6), (841.5, -1325.7), (890.9, -1333.4), (940.2, -1341.8), (989.4, -1350.9), (1038.4, -1360.7), (1087.2, -1371.2), (1135.9, -1382.6), (1184.4, -1394.8), (1232.7, -1407.8), (1280.7, -1421.7), (1328.5, -1436.5), (1375.9, -1452.3), (1423.0, -1469.1), (1469.7, -1486.9), (1516.1, -1505.8), (1561.9, -1525.7), (1607.2, -1546.8), (1652.0, -1569.1), (1696.2, -1592.5), (1739.6, -1617.2), (1782.4, -1643.2), (1824.3, -1670.4)]],
[4, 200],
[2, [], (('fwd_volt', 5.0), ('backwards', True)), [(1696.0, -1730.0), (1664.3, -1691.4), (1630.3, -1654.7), (1594.1, -1620.2), (1555.8, -1588.1), (1515.5, -1558.5), (1473.5, -1531.4), (1430.0, -1506.7), (1385.5, -1484.0), (1340.3, -1462.6), (1294.9, -1441.6), (1249.8, -1420.1), (1205.7, -1396.5), (1163.8, -1369.3), (1125.6, -1337.1), (1093.0, -1299.2), (1067.2, -1256.5), (1048.2, -1210.2), (1035.2, -1162.0), (1026.9, -1112.7), (1022.3, -1062.9), (1020.7, -1013.0), (1021.4, -963.0), (1023.9, -913.0), (1028.0, -863.0), (1030.5, -813.1), (1039.7, -764.0), (1055.6, -716.6), (1077.8, -671.9), (1105.8, -630.5), (1138.6, -592.8), (1175.6, -559.2), (1215.9, -529.7), (1259.0, -504.3), (1304.3, -483.2), (1351.3, -466.3), (1399.7, -453.8), (1449.1, -445.8), (1498.9, -442.7)]],
[2, [], (('fwd_volt', 5.0), ('speed_ramp_time', 500), ('slowdown_distance', 600), ('timeout', 1600)), [(1489.0, -440.0), (1439.7, -448.0), (1389.7, -448.5), (1340.3, -441.5), (1292.1, -428.1), (1245.8, -409.5), (1201.2, -386.8), (1158.4, -361.0), (1117.0, -333.0), (1076.7, -303.4), (1037.2, -272.7), (998.2, -241.4), (959.4, -209.8), (920.6, -178.4), (881.3, -147.4), (841.3, -117.5), (800.2, -89.0), (757.6, -62.8), (713.3, -39.7), (666.9, -21.0), (618.6, -8.2), (569.0, -2.9)]],
[1, 'intakeChain', 0, 'COAST'],
[1, 'intakeFlex', 0, 'COAST'],
]
