[
[0, {'pos': [1282, -1498], 'angle': 290}],
[5, True, 'doinker_left'],
[1, 'intakeFlex', 1, 12.0],
[2, [], (('fwd_volt', 12.0), ('speed_ramp_time', 600), ('slowdown_distance', 1000)), [(1283.0, -1499.0), (1235.5, -1483.4), (1187.9, -1468.2), (1140.1, -1453.3), (1092.3, -1438.7), (1044.5, -1424.2), (996.6, -1409.8), (948.7, -1395.5), (900.7, -1381.3), (852.8, -1367.1), (804.8, -1352.9), (756.9, -1338.8), (708.9, -1324.6), (661.0, -1310.3), (613.1, -1296.0), (565.2, -1281.5), (517.4, -1266.9), (469.7, -1252.1), (422.0, -1237.0), (385.0, -1225.0)]],
[2, [], (('fwd_volt', 8.0), ('backwards', True), ('speed_ramp_time', 1000), ('slowdown_distance', 400)), [(485.0, -1243.0), (531.6, -1261.1), (578.5, -1278.4), (625.7, -1294.9), (673.1, -1310.7), (720.8, -1325.9), (768.6, -1340.6), (816.5, -1354.9), (864.5, -1368.9), (912.6, -1382.6), (960.7, -1396.3), (1005.0, -1409.0)]],
[5, False, 'doinker_left'],
[7, ['LEFT', 120, 0]],
[4, 300],
[2, [], (('fwd_volt', 5.5), ('slowdown_distance', 350), ('backwards', True)), [(1014.0, -1411.0), (992.9, -1365.7), (971.5, -1320.5), (949.8, -1275.4), (927.9, -1230.5), (905.8, -1185.6), (883.6, -1140.8), (861.3, -1096.1), (838.8, -1051.4), (816.2, -1006.8), (793.5, -962.3), (770.7, -917.8), (747.8, -873.3), (724.9, -828.9), (701.9, -784.5), (678.8, -740.2), (655.6, -695.8), (632.4, -651.5), (609.2, -607.3), (585.9, -563.0), (577.0, -546.0)]],
[5, True, 'mogo'],
[4, 200],
[1, 'intakeChain', 1, 12.0],
[4, 200],
[2, [('set_pneumatic', {'pneumatic': 'mogo', 'state': False}, [789, -854])], (('fwd_volt', 5.5), ('timeout', 2250), ('slowdown_distance', 800), ('speed_ramp_time', 700)), [(540.0, -445.0), (560.4, -490.6), (581.6, -535.9), (603.6, -580.8), (626.6, -625.2), (650.6, -669.1), (675.6, -712.4), (701.8, -755.0), (729.2, -796.8), (757.9, -837.8), (787.9, -877.7), (819.3, -916.6), (852.1, -954.4), (886.3, -990.9), (921.8, -1026.0), (958.7, -1059.8), (996.6, -1092.4), (1035.6, -1123.7), (1075.4, -1154.0), (1115.8, -1183.4), (1156.6, -1212.2), (1197.7, -1240.8), (1238.8, -1269.2), (1279.8, -1297.9), (1320.4, -1327.0), (1360.6, -1356.8), (1400.2, -1387.3), (1439.1, -1418.7), (1477.3, -1451.0), (1514.5, -1484.3), (1550.9, -1518.6), (1586.4, -1553.9), (1620.9, -1590.0), (1654.5, -1627.0), (1687.2, -1664.9), (1719.0, -1703.4), (1750.0, -1742.7), (1780.1, -1782.6), (1805.0, -1817.0)]],
[3, (('intake_auto_halt', True),)],
[1, 'intakeChain', 0, 'COAST'],
[3, (('intake_auto_halt', False),)],
[2, [], (('fwd_volt', 5.5), ('backwards', True), ('slowdown_distance', 350), ('speed_ramp_time', 250), ('heading_authority', 1.75)), [(1774.0, -1808.0), (1762.1, -1759.5), (1743.9, -1713.0), (1718.9, -1669.7), (1687.6, -1630.8), (1650.8, -1597.0), (1609.9, -1568.3), (1565.9, -1544.6), (1519.8, -1525.2), (1472.3, -1509.5), (1424.0, -1496.9), (1375.0, -1486.8), (1325.6, -1478.9), (1276.0, -1472.7), (1226.2, -1468.1), (1176.4, -1464.7), (1126.4, -1462.3), (1076.4, -1460.9), (1026.4, -1460.1), (976.4, -1460.0), (926.4, -1460.3), (876.4, -1461.0), (826.5, -1462.0), (776.5, -1463.2), (726.5, -1464.5), (676.5, -1465.7), (626.5, -1467.0), (576.5, -1468.1), (526.5, -1469.0), (476.5, -1469.5), (426.5, -1469.7), (376.5, -1469.3), (354.0, -1469.0)]],
[5, True, 'mogo'],
[1, 'intakeChain', 1, 12.0],
[5, True, 'doinker'],
[2, [], (('fwd_volt', 4.0), ('timeout', 1600), ('slowdown_distance', 300)), [(534.0, -1460.0), (582.9, -1449.8), (632.4, -1442.5), (682.2, -1438.1), (732.2, -1436.6), (782.2, -1437.7), (832.0, -1441.4), (881.7, -1447.4), (931.0, -1455.2), (980.1, -1464.7), (1029.0, -1475.4), (1077.6, -1487.1), (1126.0, -1499.5), (1174.4, -1512.2), (1222.7, -1525.1), (1271.0, -1537.8), (1319.5, -1550.2), (1368.0, -1562.1), (1416.8, -1573.3), (1465.7, -1583.7), (1514.0, -1593.0)]],
[7, ['LEFT', 180, 1.35]],
[5, False, 'doinker'],
[1, 'intakeChain', 0, 'COAST'],
[1, 'intakeFlex', 0, 'COAST'],
[2, [], (('fwd_volt', 5.0),), [(1210.0, -1552.0), (1160.0, -1550.6), (1110.0, -1548.9), (1060.1, -1546.8), (1010.1, -1544.4), (960.2, -1541.7), (910.3, -1538.6), (860.4, -1535.1), (810.6, -1531.2), (760.8, -1527.1), (710.9, -1522.9), (661.1, -1518.7), (611.3, -1514.9), (561.4, -1511.9), (511.4, -1509.7), (461.4, -1508.6), (411.4, -1508.6), (361.4, -1509.5), (311.5, -1511.2), (293.0, -1512.0)]],
]
