[
[0, {'pos': [1500, 920], 'angle': 270}],
[3, (('intake_auto_halt', True),)],
[1, 'intakeChain', 1, 12.0],
[1, 'intakeFlex', 1, 12.0],
[2, [], (('fwd_volt', 5.0), ('speed_ramp_time', 500), ('slowdown_distance', 500), ('finish_margin', 150), ('K_curvature_speed', 2.0), ('look_ahead_dist', 400)), [(1473.0, 914.0), (1423.0, 915.6), (1373.0, 916.9), (1323.0, 917.7), (1273.1, 918.2), (1223.1, 918.3), (1173.1, 918.1), (1123.1, 917.4), (1073.1, 916.5), (1023.1, 915.1), (973.1, 913.5), (923.1, 911.6), (873.2, 909.4), (823.2, 907.1), (773.3, 904.7), (723.4, 902.3), (673.4, 900.0), (623.4, 898.2), (573.5, 897.2), (523.5, 897.4), (473.5, 899.9), (423.9, 906.0), (375.5, 918.4), (331.1, 940.9), (296.0, 976.2), (273.7, 1020.7), (261.6, 1069.2), (256.0, 1118.8), (254.4, 1168.8), (255.4, 1218.8), (258.2, 1268.7), (261.0, 1305.0), (259.7, 1355.0), (260.1, 1405.0), (263.0, 1454.9), (269.5, 1504.4), (280.0, 1553.3), (293.1, 1601.6), (306.5, 1649.7)]],
[2, [], (('fwd_volt', 5.5), ('slowdown_distance', 350), ('backwards', True), ('heading_authority', 2.5), ('speed_ramp_time', 500)), [(343.0, 1674.0), (332.0, 1625.3), (327.6, 1575.5), (328.4, 1525.5), (333.3, 1475.8), (341.5, 1426.5), (352.6, 1377.7), (366.1, 1329.6), (381.6, 1282.1), (399.1, 1235.2), (418.2, 1189.0), (438.8, 1143.5), (460.9, 1098.6), (484.4, 1054.5), (509.2, 1011.1), (535.3, 968.4), (562.7, 926.6), (591.3, 885.6), (621.2, 845.5), (652.4, 806.5), (685.0, 768.5), (719.0, 731.8), (754.4, 696.5), (791.3, 662.9), (830.0, 631.1), (870.4, 601.7), (912.6, 575.0), (956.9, 551.7), (1003.1, 532.7)]],
[5, True, 'mogo'],
[4, 250],
[3, (('intake_auto_halt', False),)],
[1, 'intakeChain', -1, 9.6],
[4, 200],
[1, 'intakeChain', 1, 12.0],
[2, [], (('fwd_volt', 4.5), ('timeout', 4500), ('slowdown_distance', 1200), ('speed_ramp_time', 500), ('look_ahead_dist', 400)), [(911.0, 422.0), (866.9, 445.5), (825.5, 473.5), (787.1, 505.5), (752.0, 541.1), (720.4, 579.8), (692.3, 621.1), (667.6, 664.6), (646.2, 709.8), (628.1, 756.4), (612.9, 804.0), (600.7, 852.5), (591.3, 901.6), (584.5, 951.1), (580.5, 1000.9), (579.3, 1050.9), (580.8, 1100.9), (585.4, 1150.7), (593.4, 1200.0), (605.5, 1248.5), (622.9, 1295.3), (648.0, 1338.5), (685.3, 1371.1), (733.9, 1374.7), (777.0, 1348.0), (815.2, 1315.7), (853.1, 1283.2), (891.9, 1251.6), (932.1, 1221.9), (974.4, 1195.2), (1019.0, 1172.7), (1066.0, 1155.7), (1114.8, 1145.3), (1164.7, 1142.3), (1214.5, 1146.7), (1263.2, 1157.9), (1310.2, 1174.8), (1355.2, 1196.4), (1398.3, 1221.7), (1439.5, 1250.1), (1479.0, 1280.8), (1516.9, 1313.4), (1553.4, 1347.6), (1588.6, 1383.1), (1622.6, 1419.6), (1655.7, 1457.2), (1687.8, 1495.5), (1719.1, 1534.5), (1749.6, 1574.1), (1779.4, 1614.2), (1808.6, 1654.8), (1837.2, 1695.8), (1865.2, 1737.2), (1892.7, 1779.0)]],
[4, 200],
[2, [], (('fwd_volt', 5.0), ('backwards', True), ('speed_ramp_time', 400), ('slowdown_distance', 400)), [(1927.0, 1766.0), (1897.1, 1725.9), (1866.9, 1686.1), (1836.2, 1646.6), (1805.1, 1607.4), (1773.4, 1568.8), (1741.0, 1530.7), (1707.7, 1493.4), (1673.5, 1456.9), (1638.2, 1421.5), (1601.7, 1387.3), (1563.9, 1354.6), (1524.8, 1323.5), (1484.1, 1294.4), (1442.0, 1267.5), (1398.4, 1243.1), (1353.3, 1221.4), (1307.0, 1202.6), (1259.6, 1186.9), (1211.2, 1174.3), (1162.1, 1164.8), (1112.5, 1158.5), (1062.6, 1155.1), (1012.6, 1154.5)]],
[2, [('set_pneumatic', {'pneumatic': 'intake', 'state': True}, [1475, 515])], (('fwd_volt', 4.0), ('speed_ramp_time', 400), ('slowdown_distance', 1200), ('look_ahead_dist', 450), ('min_start_voltage', 3.0)), [(978.0, 1143.0), (1027.9, 1146.3), (1077.9, 1148.1), (1127.9, 1148.0), (1177.8, 1145.8), (1227.6, 1141.1), (1276.9, 1133.0), (1325.4, 1120.9), (1372.3, 1103.7), (1416.2, 1080.0), (1455.0, 1048.5), (1485.6, 1009.2), (1505.8, 963.6), (1515.4, 914.6), (1516.1, 864.6), (1509.8, 815.1), (1498.4, 766.4), (1486.0, 727.0), (1475.4, 678.2), (1468.7, 628.6), (1465.1, 578.7), (1463.8, 528.8), (1464.1, 478.8), (1465.5, 428.8), (1467.6, 378.8), (1470.1, 328.9), (1472.8, 279.0), (1475.3, 229.0), (1477.5, 179.1), (1479.4, 129.1), (1480.6, 79.1), (1481.2, 29.1), (1481.0, -20.9), (1479.9, -70.9)]],
[5, False, 'intake'],
[4, 2000],
[1, 'intakeFlex', -1, 12.0],
[1, 'intakeFlex', 0, 'COAST'],
[4, 1000],
[1, 'intakeChain', 0, 'COAST'],
]
