[
[0, {'pos': [-1346, 920], 'angle': 90}],
[3, (('intake_auto_halt', True),)],
[1, 'intakeChain', 1, 12.0],
[1, 'intakeFlex', 1, 12.0],
[2, [], (('fwd_volt', 5.0), ('speed_ramp_time', 500), ('slowdown_distance', 500), ('finish_margin', 150), ('K_curvature_speed', 2.0), ('look_ahead_dist', 400)), [(-1353.0, 920.0), (-1303.1, 922.7), (-1253.1, 924.7), (-1203.1, 926.0), (-1153.1, 926.7), (-1103.1, 926.8), (-1053.1, 926.2), (-1003.2, 925.1), (-953.2, 923.5), (-903.2, 921.4), (-853.3, 919.1), (-803.3, 916.5), (-753.4, 913.9), (-703.5, 911.6), (-653.5, 910.1), (-603.5, 909.8), (-553.5, 911.8), (-503.9, 917.5), (-455.3, 929.0), (-409.6, 949.0), (-370.0, 979.3), (-339.0, 1018.4), (-316.3, 1062.9), (-300.0, 1110.1), (-288.1, 1158.7), (-279.5, 1208.0), (-273.2, 1257.5), (-268.5, 1307.3), (-265.2, 1357.2), (-262.9, 1407.2), (-261.3, 1457.1), (-260.4, 1507.1), (-260.0, 1557.1), (-260.0, 1565.0), (-263.3, 1614.9), (-271.7, 1664.1), (-291.3, 1709.9)]],
[2, [], (('fwd_volt', 5.5), ('slowdown_distance', 350), ('backwards', True), ('heading_authority', 2.5), ('speed_ramp_time', 500)), [(-248.0, 1660.0), (-250.1, 1610.0), (-254.6, 1560.3), (-261.3, 1510.7), (-270.4, 1461.6), (-281.7, 1412.9), (-295.2, 1364.7), (-310.9, 1317.2), (-328.6, 1270.5), (-348.3, 1224.5), (-370.0, 1179.5), (-393.6, 1135.4), (-419.0, 1092.3), (-446.1, 1050.3), (-474.9, 1009.5), (-505.4, 969.9), (-537.5, 931.5), (-571.2, 894.5), (-606.3, 859.0), (-642.9, 824.9), (-680.9, 792.4), (-720.3, 761.6), (-761.0, 732.7), (-803.1, 705.6), (-846.4, 680.7), (-891.0, 658.1), (-936.7, 637.9), (-983.6, 620.5), (-1031.5, 606.0)]],
[5, True, 'mogo'],
[4, 250],
[3, (('intake_auto_halt', False),)],
[1, 'intakeChain', -1, 9.6],
[4, 200],
[1, 'intakeChain', 1, 12.0],
[2, [], (('fwd_volt', 4.5), ('timeout', 4500), ('slowdown_distance', 1200), ('speed_ramp_time', 500), ('look_ahead_dist', 400)), [(-978.0, 473.0), (-932.8, 494.4), (-889.4, 519.2), (-848.1, 547.4), (-809.2, 578.7), (-773.0, 613.2), (-739.6, 650.4), (-709.3, 690.2), (-682.2, 732.2), (-658.4, 776.1), (-637.8, 821.7), (-620.4, 868.5), (-606.2, 916.5), (-595.3, 965.3), (-587.7, 1014.7), (-583.3, 1064.5), (-582.5, 1114.4), (-585.3, 1164.4), (-592.3, 1213.8), (-604.2, 1262.4), (-622.6, 1308.8), (-650.3, 1350.3), (-691.6, 1377.3), (-740.4, 1372.9), (-777.0, 1348.0), (-815.2, 1315.7), (-853.1, 1283.1), (-891.7, 1251.4), (-931.5, 1221.2), (-973.0, 1193.2), (-1016.4, 1168.4), (-1061.8, 1147.5), (-1109.1, 1131.5), (-1158.0, 1121.2), (-1207.8, 1117.1), (-1257.7, 1119.4), (-1307.0, 1127.9), (-1354.9, 1141.9), (-1401.3, 1160.7), (-1445.8, 1183.4), (-1488.5, 1209.4), (-1529.5, 1238.1), (-1568.8, 1268.9), (-1606.6, 1301.7), (-1643.0, 1336.0), (-1678.1, 1371.5), (-1712.1, 1408.2), (-1745.0, 1445.8), (-1777.0, 1484.3), (-1808.0, 1523.4), (-1838.3, 1563.2), (-1867.8, 1603.6), (-1896.6, 1644.5), (-1924.8, 1685.8), (-1952.4, 1727.5)]],
[4, 200],
[2, [], (('fwd_volt', 5.0), ('backwards', True), ('speed_ramp_time', 400), ('slowdown_distance', 400)), [(-1981.0, 1721.0), (-1950.8, 1681.1), (-1919.9, 1641.8), (-1888.2, 1603.2), (-1855.5, 1565.3), (-1822.0, 1528.3), (-1787.3, 1492.2), (-1751.7, 1457.2), (-1714.8, 1423.4), (-1676.8, 1390.9), (-1637.6, 1359.9), (-1597.1, 1330.6), (-1555.3, 1303.1), (-1512.3, 1277.6), (-1468.2, 1254.2), (-1422.8, 1233.1), (-1376.5, 1214.4), (-1329.2, 1198.2), (-1281.1, 1184.5), (-1232.3, 1173.5), (-1183.1, 1165.0), (-1133.4, 1159.0), (-1083.5, 1155.5), (-1033.6, 1154.3)]],
[2, [('set_pneumatic', {'pneumatic': 'intake', 'state': True}, [-1465, 497])], (('fwd_volt', 4.0), ('speed_ramp_time', 400), ('slowdown_distance', 1200), ('look_ahead_dist', 450), ('min_start_voltage', 3.0)), [(-978.0, 1143.0), (-1027.9, 1146.3), (-1077.9, 1148.1), (-1127.9, 1148.0), (-1177.8, 1145.8), (-1227.6, 1141.1), (-1276.9, 1133.0), (-1325.4, 1120.9), (-1372.3, 1103.7), (-1416.2, 1080.0), (-1455.0, 1048.5), (-1485.6, 1009.2), (-1505.8, 963.6), (-1515.4, 914.6), (-1516.1, 864.6), (-1509.8, 815.1), (-1498.4, 766.4), (-1486.0, 727.0), (-1475.4, 678.2), (-1468.7, 628.6), (-1465.1, 578.7), (-1463.8, 528.8), (-1464.1, 478.8), (-1465.5, 428.8), (-1467.6, 378.8), (-1470.1, 328.9), (-1472.8, 279.0), (-1475.3, 229.0), (-1477.5, 179.1), (-1479.4, 129.1), (-1480.6, 79.1), (-1481.2, 29.1), (-1481.0, -20.9), (-1479.9, -70.9)]],
[5, False, 'intake'],
[4, 2000],
[1, 'intakeFlex', -1, 12.0],
[4, 1000],
[1, 'intakeChain', 0, 'COAST'],
[1, 'intakeFlex', 0, 'COAST'],
]
