[
[0, {'pos': [-1568, -330], 'angle': 330}],
[6, 'alliance_wall_stake'],
[1, 'ladyBrown', -1, 9.6],
[2, [], (('fwd_volt', 8.0), ('backwards', True)), [(-1567.0, -333.0), (-1545.2, -378.0), (-1522.7, -422.7), (-1499.4, -466.9), (-1475.1, -510.6), (-1450.1, -553.9), (-1425.2, -597.3), (-1401.1, -641.1), (-1389.0, -664.0)]],
[1, 'ladyBrown', 0, 'COAST'],
[7, ['RIGHT', 180, 30]],
[5, True, 'doinker_left'],
[1, 'intakeChain', 1, 12.0],
[2, [], (('fwd_volt', 8.0), ('speed_ramp_time', 400), ('slowdown_distance', 150), ('heading_authority', 1.5), ('look_ahead_dist', 400)), [(-1562.0, -332.0), (-1538.6, -376.2), (-1515.8, -420.7), (-1493.4, -465.4), (-1471.2, -510.2), (-1449.1, -555.0), (-1426.6, -599.7), (-1403.7, -644.1), (-1380.0, -688.2), (-1355.3, -731.6), (-1329.2, -774.3), (-1301.6, -815.9), (-1272.1, -856.3), (-1240.6, -895.1), (-1206.9, -932.1), (-1171.1, -967.0), (-1133.1, -999.4), (-1093.1, -1029.4), (-1051.2, -1056.6), (-1007.6, -1081.2), (-962.7, -1103.2), (-916.6, -1122.6), (-869.6, -1139.6), (-821.9, -1154.4), (-773.5, -1167.1), (-724.7, -1178.0), (-675.6, -1187.1), (-626.1, -1194.7), (-576.5, -1200.8), (-526.8, -1205.7), (-476.9, -1209.3), (-427.0, -1211.9), (-377.0, -1213.5), (-327.0, -1214.2), (-277.0, -1214.1), (-227.0, -1213.1), (-177.0, -1211.5), (-127.1, -1209.3), (-122.0, -1209.0)]],
[2, [], (('fwd_volt', 7.0), ('speed_ramp_time', 400), ('slowdown_distance', 150), ('backwards', True)), [(-133.0, -1209.0), (-182.9, -1211.2), (-232.9, -1214.0), (-282.8, -1217.5), (-332.5, -1222.0), (-382.2, -1228.2), (-431.4, -1236.9), (-479.8, -1249.3), (-527.5, -1264.2), (-575.5, -1278.4), (-623.9, -1290.7), (-672.8, -1301.2), (-721.9, -1310.5), (-771.3, -1318.7), (-806.0, -1324.0)]],
]
