[
[0, {'pos': [-1550, -350], 'angle': 330}],
[6, 'alliance_wall_stake'],
[2, [], (('fwd_volt', 5.0), ('backwards', True), ('speed_ramp_time', 500), ('slowdown_distance', 300)), [(-1551.0, -351.0), (-1520.7, -390.8), (-1489.3, -429.6), (-1457.0, -467.9), (-1424.3, -505.7), (-1391.3, -543.2), (-1358.2, -580.7), (-1325.2, -618.2), (-1292.5, -656.1), (-1260.5, -694.5)]],
[1, 'ladyBrown', -1, 12.0],
[7, ['RIGHT', 40, 0.0]],
[1, 'ladyBrown', 0, 'BRAKE'],
[1, 'intakeChain', 1, 12.0],
[1, 'intakeFlex', 1, 12.0],
[5, True, 'intake'],
[2, [], (('fwd_volt', 5.0), ('finish_margin', 500)), [(-1240.0, -732.0), (-1239.9, -662.0), (-1241.2, -592.0), (-1242.7, -522.0), (-1244.3, -452.1), (-1245.8, -382.1), (-1247.2, -312.1), (-1248.3, -242.1), (-1249.0, -172.1), (-1249.1, -102.1), (-1249.0, -80.0), (-1247.7, -10.0), (-1247.6, 60.0), (-1247.9, 130.0), (-1248.1, 200.0), (-1247.4, 270.0)]],
[3, (('intake_auto_halt', True),)],
[4, 125],
[5, False, 'intake'],
[4, 75],
[1, 'intakeFlex', -1, 12.0],
[2, [], (('fwd_volt', 5.0), ('min_start_voltage', 2.0), ('speed_ramp_time', 500), ('backwards', True), ('slowdown_distance', 400)), [(-1228.0, 214.0), (-1224.6, 164.1), (-1216.8, 114.8), (-1205.2, 66.1), (-1190.3, 18.4), (-1172.6, -28.4), (-1152.5, -74.1), (-1130.0, -118.8), (-1105.5, -162.4), (-1079.2, -204.8), (-1051.2, -246.2), (-1021.6, -286.6), (-990.5, -325.8), (-958.2, -363.9), (-924.6, -400.9), (-889.9, -436.9), (-854.1, -471.8), (-817.3, -505.6), (-779.5, -538.4), (-740.9, -570.2), (-701.6, -601.0), (-661.4, -630.8), (-620.5, -659.6), (-579.0, -687.5)]],
[5, True, 'mogo'],
[3, (('intake_auto_halt', False),)],
[1, 'intakeChain', 1, 12.0],
[1, 'intakeFlex', 1, 12.0],
[7, ['LEFT', 110, 0.0]],
[4, 350],
[5, False, 'mogo'],
[2, [], (('fwd_volt', 5.0),), [(-555.0, -734.0), (-554.6, -784.0), (-554.3, -834.0), (-554.2, -884.0), (-554.5, -934.0), (-555.3, -984.0), (-557.0, -1034.0), (-559.7, -1083.9), (-563.0, -1133.8), (-565.7, -1183.7), (-567.5, -1233.7), (-568.8, -1283.7), (-569.7, -1333.6), (-570.3, -1383.6), (-570.7, -1433.6), (-570.9, -1483.6), (-571.0, -1533.6)]],
[3, (('intake_auto_halt', True),)],
[4, 100],
[2, [], (('fwd_volt', 3.7), ('backwards', True), ('slowdown_distance', 900), ('look_ahead_dist', 250), ('finish_margin', 270)), [(-555.0, -1632.0), (-561.9, -1582.5), (-567.2, -1532.8), (-570.7, -1482.9), (-571.9, -1432.9), (-570.1, -1383.0), (-564.4, -1333.3), (-553.4, -1284.5), (-535.5, -1237.9), (-508.9, -1195.7), (-473.0, -1161.1), (-429.6, -1136.4), (-382.0, -1121.5), (-332.5, -1114.5), (-282.6, -1113.3), (-232.7, -1116.4), (-183.1, -1122.7), (-133.9, -1131.4), (-85.0, -1142.1), (-36.5, -1154.2), (11.7, -1167.5)]],
[5, True, 'mogo'],
[2, [('motor_spin', {'motor': 'intakeChain', 'velocity': 100, 'direction': 1}, [-621, -1237])], (('fwd_volt', 5.0), ('timeout', 2300)), [(18.0, -1193.0), (-31.7, -1198.0), (-81.5, -1202.7), (-131.3, -1207.1), (-181.1, -1211.4), (-231.0, -1215.6), (-280.8, -1219.7), (-330.6, -1224.0), (-380.4, -1228.3), (-430.2, -1232.9), (-480.0, -1237.6), (-529.7, -1242.7), (-579.4, -1248.2), (-629.1, -1254.0), (-678.7, -1260.4), (-728.2, -1267.3), (-777.6, -1274.7), (-827.0, -1282.9), (-876.2, -1291.8), (-925.2, -1301.5), (-974.1, -1312.1), (-1022.7, -1323.7), (-1071.1, -1336.2), (-1119.2, -1349.9), (-1167.0, -1364.8), (-1214.3, -1380.9), (-1261.1, -1398.4), (-1307.4, -1417.3), (-1353.0, -1437.8), (-1397.9, -1459.9), (-1441.9, -1483.6), (-1484.9, -1509.1), (-1526.8, -1536.4), (-1567.5, -1565.4), (-1606.7, -1596.4), (-1644.5, -1629.1), (-1680.6, -1663.7), (-1715.0, -1700.0), (-1747.5, -1738.0), (-1778.0, -1777.6)]],
[4, 200],
[2, [], (('fwd_volt', 5.0), ('backwards', True)), [(-1696.0, -1730.0), (-1664.3, -1691.4), (-1630.3, -1654.7), (-1594.1, -1620.2), (-1555.8, -1588.1), (-1515.5, -1558.5), (-1473.5, -1531.4), (-1430.0, -1506.7), (-1385.5, -1484.0), (-1340.3, -1462.6), (-1294.9, -1441.6), (-1249.8, -1420.1), (-1205.7, -1396.5), (-1163.8, -1369.3), (-1125.6, -1337.1), (-1093.0, -1299.2), (-1067.2, -1256.5), (-1048.2, -1210.2), (-1035.2, -1162.0), (-1026.9, -1112.7), (-1022.3, -1062.9), (-1020.7, -1013.0), (-1021.4, -963.0), (-1023.9, -913.0), (-1028.0, -863.0), (-1028.5, -813.0), (-1032.7, -763.2), (-1044.2, -714.6), (-1069.9, -672.2), (-1112.1, -646.2), (-1160.9, -635.9), (-1210.8, -632.9), (-1260.8, -632.9), (-1310.8, -633.9), (-1360.8, -635.1)]],
[2, [], (('fwd_volt', 5.0), ('speed_ramp_time', 500), ('slowdown_distance', 600), ('timeout', 1600)), [(-1409.0, -636.0), (-1359.0, -634.5), (-1309.3, -629.8), (-1260.1, -620.7), (-1212.4, -605.8), (-1167.8, -583.4), (-1128.8, -552.4), (-1098.0, -513.1), (-1076.0, -468.3), (-1061.2, -420.5), (-1050.8, -371.6), (-1042.4, -322.4), (-1033.5, -273.1), (-1022.1, -224.5), (-1005.5, -177.4), (-981.6, -133.5), (-949.2, -95.5), (-909.5, -65.3), (-864.9, -43.0), (-817.4, -27.5), (-768.4, -17.3), (-718.8, -11.3), (-668.9, -8.4)]],
[1, 'intakeChain', 0, 'COAST'],
[1, 'intakeFlex', 0, 'COAST'],
]
