[
[0, {'pos': [-1282, -1498], 'angle': 70}],
[5, True, 'doinker'],
[1, 'intakeFlex', 1, 12.0],
[2, [], (('fwd_volt', 12.0), ('speed_ramp_time', 600), ('slowdown_distance', 1000)), [(-1283.0, -1499.0), (-1235.7, -1482.9), (-1188.4, -1466.5), (-1141.2, -1450.0), (-1094.1, -1433.4), (-1047.0, -1416.6), (-999.9, -1399.8), (-952.8, -1383.0), (-905.7, -1366.2), (-858.6, -1349.3), (-811.6, -1332.4), (-764.5, -1315.6), (-717.4, -1298.8), (-670.3, -1282.0), (-623.2, -1265.3), (-576.0, -1248.6), (-528.8, -1232.1), (-481.6, -1215.7), (-434.3, -1199.5), (-386.9, -1183.6), (-385.0, -1183.0)]],
[2, [], (('fwd_volt', 8.0), ('backwards', True), ('speed_ramp_time', 1000), ('slowdown_distance', 400)), [(-485.0, -1243.0), (-531.6, -1261.1), (-578.5, -1278.4), (-625.7, -1294.9), (-673.1, -1310.7), (-720.8, -1325.9), (-768.6, -1340.6), (-816.5, -1354.9), (-864.5, -1368.9), (-912.6, -1382.6), (-960.7, -1396.3), (-1005.0, -1409.0)]],
[5, False, 'doinker'],
[7, ['RIGHT', 110, 0]],
[4, 300],
[2, [], (('fwd_volt', 5.5), ('slowdown_distance', 350), ('backwards', True)), [(-1014.0, -1411.0), (-990.0, -1367.1), (-964.9, -1323.9), (-939.1, -1281.1), (-912.7, -1238.6), (-885.9, -1196.4), (-859.0, -1154.2), (-832.1, -1112.1), (-805.3, -1069.9), (-778.6, -1027.6), (-752.3, -985.1), (-726.5, -942.2), (-701.4, -899.0), (-677.1, -855.4), (-653.8, -811.1), (-631.9, -766.2), (-611.7, -720.4), (-593.7, -673.8), (-578.7, -626.1), (-567.7, -577.3), (-562.1, -527.7), (-562.0, -501.0)]],
[5, True, 'mogo'],
[4, 200],
[1, 'intakeChain', 1, 12.0],
[4, 200],
[2, [('set_pneumatic', {'pneumatic': 'mogo', 'state': False}, [-788, -903])], (('fwd_volt', 5.5), ('timeout', 2250), ('slowdown_distance', 800), ('speed_ramp_time', 700)), [(-540.0, -445.0), (-558.8, -491.3), (-578.4, -537.3), (-598.8, -583.0), (-620.1, -628.2), (-642.4, -672.9), (-665.7, -717.2), (-690.0, -760.9), (-715.4, -804.0), (-741.8, -846.4), (-769.4, -888.1), (-798.2, -929.0), (-828.2, -969.0), (-859.3, -1008.1), (-891.7, -1046.2), (-925.2, -1083.3), (-959.9, -1119.4), (-995.6, -1154.3), (-1032.4, -1188.1), (-1070.2, -1220.9), (-1108.9, -1252.6), (-1148.3, -1283.3), (-1188.4, -1313.2), (-1229.1, -1342.3), (-1270.1, -1370.9), (-1311.4, -1399.0), (-1352.9, -1426.9), (-1394.4, -1454.8), (-1435.7, -1483.0), (-1476.7, -1511.6), (-1517.3, -1540.8), (-1557.2, -1570.9), (-1596.3, -1602.1), (-1634.4, -1634.5), (-1671.3, -1668.2), (-1707.0, -1703.2), (-1741.2, -1739.7), (-1773.8, -1777.6), (-1804.8, -1816.8), (-1805.0, -1817.0)]],
[3, (('intake_auto_halt', True),)],
[1, 'intakeChain', 0, 'COAST'],
[3, (('intake_auto_halt', False),)],
[2, [], (('fwd_volt', 5.5), ('backwards', True), ('slowdown_distance', 350), ('speed_ramp_time', 250), ('heading_authority', 1.75)), [(-1774.0, -1808.0), (-1762.1, -1759.5), (-1743.9, -1713.0), (-1718.9, -1669.7), (-1687.6, -1630.8), (-1650.8, -1597.0), (-1609.9, -1568.3), (-1565.9, -1544.6), (-1519.8, -1525.2), (-1472.3, -1509.5), (-1424.0, -1496.9), (-1375.0, -1486.8), (-1325.6, -1478.9), (-1276.0, -1472.7), (-1226.2, -1468.1), (-1176.4, -1464.7), (-1126.4, -1462.3), (-1076.4, -1460.9), (-1026.4, -1460.1), (-976.4, -1460.0), (-926.4, -1460.3), (-876.4, -1461.0), (-826.5, -1462.0), (-776.5, -1463.2), (-726.5, -1464.5), (-676.5, -1465.7), (-626.5, -1467.0), (-576.5, -1468.1), (-526.5, -1469.0), (-476.5, -1469.5), (-426.5, -1469.7), (-376.5, -1469.3), (-354.0, -1469.0)]],
[5, True, 'mogo'],
[1, 'intakeChain', 1, 12.0],
[5, True, 'doinker_left'],
[2, [], (('fwd_volt', 4.0), ('timeout', 1600), ('slowdown_distance', 300)), [(-534.0, -1460.0), (-582.9, -1449.8), (-632.4, -1442.5), (-682.2, -1438.1), (-732.2, -1436.6), (-782.2, -1437.7), (-832.0, -1441.4), (-881.7, -1447.4), (-931.0, -1455.2), (-980.1, -1464.7), (-1029.0, -1475.4), (-1077.6, -1487.1), (-1126.0, -1499.5), (-1174.4, -1512.2), (-1222.7, -1525.1), (-1271.0, -1537.8), (-1319.5, -1550.2), (-1368.0, -1562.1), (-1416.8, -1573.3), (-1465.7, -1583.7), (-1514.0, -1593.0)]],
[7, ['RIGHT', 180, 1.35]],
[5, False, 'doinker_left'],
[1, 'intakeChain', 0, 'COAST'],
[1, 'intakeFlex', 0, 'COAST'],
[2, [], (), [(-1184.0, -1460.0), (-1134.0, -1460.2), (-1084.0, -1460.1), (-1034.0, -1459.5), (-984.0, -1458.5), (-934.1, -1456.6), (-884.1, -1453.8), (-834.3, -1449.8), (-784.5, -1445.4), (-734.6, -1441.7), (-684.7, -1439.1), (-634.7, -1437.5), (-584.7, -1436.6), (-534.7, -1436.3), (-484.7, -1436.3), (-434.7, -1436.6), (-400.0, -1437.0)]],
]
